NAME	= ITP_Reprojected_Filled
DESCRIPTION	= 
UNIT	= 
DATAFORMAT	= FLOAT
DATAFILE_OFFSET	= 0
BYTEORDER_BIG	= FALSE
TOPTOBOTTOM	= FALSE
POSITION_XMIN	= 560189.0010000000474975
POSITION_YMIN	= 1589031.4433389867190272
CELLCOUNT_X	= 227
CELLCOUNT_Y	= 121
CELLSIZE	= 30.1313696035239360
Z_FACTOR	= 1.000000
Z_OFFSET	= 0.000000
NODATA_VALUE	= -99999.000000;-99999.000000
